10,250
10,124
10,132
10,80
10,204
10,170
10,140
10,3
9,6
9,4
9,2
9,3
8,8
8,10
8,15
8,7
8,4
412,6
412,5
412,4
412,3
412,2
412,1
412,0
411,8
411,7
411,6
411,5
411,4
411,3
411,2
411,1
411,0
410,6
410,5
410,4
410,3
410,2
410,1
410,0
408,7
408,6
408,5
408,4
408,3
408,2
408,1
408,0
20,3
20,2
20,1
19,2
12,3
19,1
12,2
19,3
12,1
11,29
11,28
11,27
11,26
11,25
11,24
11,23
11,22
11,21
11,20
11,19
11,18
11,17
11,16
11,15
11,14
11,13
11,12
11,11
11,10
11,9
11,8
11,7
11,6
11,5
11,4
11,3
11,2
11,1
10,313
10,306
10,300
10,299
10,297
10,295
10,283
10,281
10,275
10,270
10,241
10,232
10,229
10,228
10,219
10,215
10,209
10,208
10,207
10,206
10,203
10,201
10,200
10,198
10,193
10,191
10,186
10,182
18,1
10,166
18,3
